0 0.32517901062965393 0.2977926433086395 0.041647057980298996 0.14406032860279083 0.8429967164993286
0 0.07117670774459839 0.2969754934310913 0.054889313876628876 0.15501409769058228 0.842827320098877
0 0.43731972575187683 0.8072248101234436 0.08799921721220016 0.04748842492699623 0.8425483107566833
0 0.4955906867980957 0.29882481694221497 0.04576791450381279 0.15538980066776276 0.8400952219963074
0 0.44753801822662354 0.2985227406024933 0.04669095575809479 0.15515536069869995 0.8391136527061462
0 0.6880102753639221 0.2981627583503723 0.04437701776623726 0.15617451071739197 0.8354108929634094
0 0.7569424510002136 0.1146436259150505 0.04679208621382713 0.15544793009757996 0.8348928093910217
0 0.6404622793197632 0.29814472794532776 0.04557128995656967 0.15683044493198395 0.8348883390426636
0 0.4509775936603546 0.11645276099443436 0.046119995415210724 0.15455083549022675 0.8336053490638733
0 0.05154957249760628 0.4817844331264496 0.08961578458547592 0.05104084685444832 0.8325678110122681
0 0.7085363864898682 0.1154007613658905 0.04487914964556694 0.15415409207344055 0.8317561149597168
0 0.2780957520008087 0.29751482605934143 0.04708944633603096 0.14892490208148956 0.8316510319709778
0 0.35473185777664185 0.1137436255812645 0.04711982235312462 0.1607971340417862 0.8303428888320923
0 0.343553364276886 0.8572293519973755 0.0889013409614563 0.0492834746837616 0.8299233317375183
0 0.6480998396873474 0.4217451214790344 0.08792795240879059 0.04592495784163475 0.8294033408164978
0 0.25849610567092896 0.11580664664506912 0.04584188759326935 0.15642181038856506 0.8285647034645081
0 0.30618253350257874 0.11550897359848022 0.04433340206742287 0.15683738887310028 0.8280726671218872
0 0.3428732454776764 0.8065473437309265 0.08828667551279068 0.046546198427677155 0.8276832103729248
0 0.3689315617084503 0.2969948649406433 0.041657011955976486 0.14685823023319244 0.8268764019012451
0 0.7281929850578308 0.8063148260116577 0.09239900857210159 0.045905113220214844 0.8265186548233032
0 0.5925388932228088 0.2985149621963501 0.045193903148174286 0.15702620148658752 0.826270341873169
0 0.6072463989257812 0.11506787687540054 0.05446148291230202 0.15532922744750977 0.8258825540542603
0 0.806060791015625 0.11346769332885742 0.0457502156496048 0.15888157486915588 0.8246408700942993
0 0.40318426489830017 0.11587747931480408 0.04553511366248131 0.15622368454933167 0.8246355056762695
0 0.046144403517246246 0.426982045173645 0.09134072065353394 0.0526132695376873 0.8233247995376587
0 0.8799338936805725 0.2978813648223877 0.045446496456861496 0.15227746963500977 0.8232740163803101
0 0.6311916708946228 0.8051390647888184 0.09045372903347015 0.04797152429819107 0.8230953812599182
0 0.8370074033737183 0.7567580342292786 0.09092144668102264 0.0490652397274971 0.8225897550582886
0 0.12500114738941193 0.29611504077911377 0.0455140583217144 0.1502474993467331 0.8225114345550537
0 0.8543877005577087 0.11505493521690369 0.045295409858226776 0.1574362814426422 0.822342574596405
0 0.7353277802467346 0.2975529730319977 0.04575951397418976 0.15616104006767273 0.8221801519393921
0 0.5441086888313293 0.29859206080436707 0.046224601566791534 0.15598595142364502 0.8218053579330444
0 0.83186936378479 0.2981381118297577 0.04526902362704277 0.15316712856292725 0.8209227323532104
0 0.9282802939414978 0.854616641998291 0.08475726842880249 0.0484868548810482 0.8208584785461426
0 0.24644404649734497 0.4226091802120209 0.07947281748056412 0.04767341911792755 0.8203858733177185
0 0.4052439033985138 0.6282442808151245 0.04478156566619873 0.1580999344587326 0.8193891048431396
0 0.1444968581199646 0.48201867938041687 0.0892149806022644 0.051526185125112534 0.8191171884536743
0 0.498981237411499 0.6285061240196228 0.04429443180561066 0.15824291110038757 0.8185276985168457
0 0.1455574929714203 0.7526372671127319 0.08953102678060532 0.04414023086428642 0.8182488679885864
0 0.6600350141525269 0.11486106365919113 0.04758094251155853 0.15554828941822052 0.8172663450241089
0 0.2283654361963272 0.2976009249687195 0.048001356422901154 0.1491677463054657 0.8164703249931335
0 0.21746549010276794 0.6275865435600281 0.04430760443210602 0.15373648703098297 0.8150774240493774
0 0.8465700149536133 0.4824126362800598 0.09462890774011612 0.049828529357910156 0.8149210214614868
0 0.928020179271698 0.2970368564128876 0.04547936096787453 0.14982350170612335 0.8133711814880371
0 0.14463552832603455 0.8013337850570679 0.09199395775794983 0.046053264290094376 0.8130621910095215
0 0.45242348313331604 0.6281108260154724 0.04404282942414284 0.15899065136909485 0.8123819231987
0 0.8364291787147522 0.8596440553665161 0.09040677547454834 0.05137535557150841 0.8118932843208313
0 0.9020219445228577 0.1148936077952385 0.044418007135391235 0.15820647776126862 0.8113117218017578
0 0.7277517318725586 0.8565196990966797 0.09135455638170242 0.04817737638950348 0.8105899095535278
0 0.24034541845321655 0.48467519879341125 0.09504929929971695 0.051034700125455856 0.8094819188117981
0 0.4392477571964264 0.8586015701293945 0.08821303397417068 0.050606485456228256 0.8093989491462708
0 0.4996119439601898 0.11731535196304321 0.04546518251299858 0.15253131091594696 0.8091602325439453
0 0.17235781252384186 0.6282725930213928 0.03957656770944595 0.15105542540550232 0.8089025020599365
0 0.6917266249656677 0.6297579407691956 0.044829804450273514 0.1529451459646225 0.8088375329971313
0 0.6431195139884949 0.6299754977226257 0.04692401736974716 0.15552134811878204 0.8069505095481873
0 0.24994079768657684 0.8551506400108337 0.09035731106996536 0.049782995134592056 0.8061203956604004
0 0.24893395602703094 0.8046855330467224 0.09062739461660385 0.04699873924255371 0.805570662021637
0 0.1434803456068039 0.42664241790771484 0.0942758098244667 0.052668772637844086 0.8055052161216736
0 0.5322242975234985 0.4830983579158783 0.0948074609041214 0.05341186374425888 0.8052404522895813
0 0.9486593008041382 0.11592550575733185 0.04425640404224396 0.15633441507816315 0.8044543862342834
0 0.13130521774291992 0.6276586651802063 0.038548793643713 0.15222136676311493 0.8043918013572693
0 0.17249460518360138 0.29486480355262756 0.04720023646950722 0.14659333229064941 0.8033103942871094
0 0.7404592633247375 0.6303341388702393 0.047444503754377365 0.152288019657135 0.8032146096229553
0 0.8366050124168396 0.8082988262176514 0.0906781479716301 0.04689256474375725 0.8029562830924988
0 0.338878870010376 0.4832192361354828 0.09503410756587982 0.05184914544224739 0.8028216361999512
0 0.8472249507904053 0.4284287691116333 0.09487680345773697 0.05169488862156868 0.8020020127296448
0 0.7487220168113708 0.4832959473133087 0.09378525614738464 0.050252702087163925 0.8014934062957764
0 0.3564301133155823 0.6277582049369812 0.04846665635704994 0.15831509232521057 0.800301194190979
0 0.9478946924209595 0.4290975332260132 0.09452636539936066 0.05030135437846184 0.7990337610244751
0 0.4395374357700348 0.4228283762931824 0.08581341058015823 0.0463983528316021 0.798772931098938
0 0.7832212448120117 0.297761470079422 0.045465558767318726 0.15612533688545227 0.7981486916542053
0 0.9750618934631348 0.2975336015224457 0.04347825422883034 0.1502770483493805 0.7978742122650146
0 0.6307001113891602 0.7561140656471252 0.09084571152925491 0.044152479618787766 0.7973648905754089
0 0.21024289727210999 0.11639583110809326 0.04708123952150345 0.15410013496875763 0.7944337129592896
0 0.3424708843231201 0.7586886882781982 0.08968804031610489 0.042883388698101044 0.7938557863235474
0 0.4350706934928894 0.7581955790519714 0.08698125183582306 0.044548988342285156 0.7938176989555359
0 0.33669090270996094 0.4293961524963379 0.09431309998035431 0.049814436584711075 0.793667197227478
0 0.9290971755981445 0.801966667175293 0.08625507354736328 0.05145851895213127 0.7930074334144592
0 0.4382474422454834 0.47396212816238403 0.08411376923322678 0.04818611219525337 0.7919137477874756
0 0.5335545539855957 0.80789715051651 0.0905652791261673 0.04666229709982872 0.7914958000183105
0 0.1458156704902649 0.8518697619438171 0.09258750081062317 0.04920048266649246 0.7912795543670654
0 0.6443751454353333 0.4818740487098694 0.09507887810468674 0.05487372353672981 0.7911217212677002
0 0.5479811429977417 0.12037508934736252 0.046298686414957047 0.14557696878910065 0.7904729247093201
0 0.6312631368637085 0.8561785221099854 0.09074373543262482 0.047811515629291534 0.7901877760887146
0 0.5465090274810791 0.6280907392501831 0.04498600959777832 0.1584998220205307 0.788394570350647
0 0.5338562726974487 0.8590162396430969 0.09035912156105042 0.04989812895655632 0.787615954875946
0 0.02056610770523548 0.29651570320129395 0.04113221541047096 0.1561817228794098 0.7873976230621338
0 0.09563743323087692 0.11087050288915634 0.0461692214012146 0.1509459912776947 0.7865822911262512
0 0.04613962769508362 0.11176230013370514 0.049193378537893295 0.1467985361814499 0.7825808525085449
0 0.9473487138748169 0.48239052295684814 0.09457087516784668 0.0507487989962101 0.7821661829948425
0 0.2658449709415436 0.626197099685669 0.04666442796587944 0.15786531567573547 0.781719982624054
0 0.08840394020080566 0.6263670921325684 0.04179249703884125 0.15426960587501526 0.7801744937896729
0 0.24721689522266388 0.7559431195259094 0.09068021178245544 0.044172853231430054 0.777299165725708
0 0.860568106174469 0.6272710561752319 0.042308539152145386 0.15764616429805756 0.776780366897583
0 0.9727187752723694 0.612457275390625 0.04233257472515106 0.1478145867586136 0.7760524749755859
0 0.5358487367630005 0.4273737072944641 0.09306509047746658 0.049280356615781784 0.7748279571533203
0 0.05122828483581543 0.7983092665672302 0.08830644935369492 0.047364071011543274 0.7744211554527283
0 0.03671424835920334 0.6127505302429199 0.04619048908352852 0.14748838543891907 0.772731602191925
0 0.5935360789299011 0.6199089884757996 0.04256380349397659 0.1415281444787979 0.772131085395813
0 0.14524967968463898 0.11298321187496185 0.04803139343857765 0.15681283175945282 0.7689037919044495
0 0.727509081363678 0.7595556974411011 0.09423509240150452 0.04158584401011467 0.7686120867729187
0 0.928856372833252 0.6116539239883423 0.040260668843984604 0.149217426776886 0.7681017518043518
0 0.40688982605934143 0.2978029251098633 0.030674438923597336 0.14598418772220612 0.7667704820632935
0 0.7478805184364319 0.4294520616531372 0.09351816028356552 0.049945857375860214 0.7660664319992065
0 0.5310878157615662 0.7584707736968994 0.09155254811048508 0.045497097074985504 0.7655722498893738
0 0.051051247864961624 0.8496065735816956 0.09019701182842255 0.04891778901219368 0.7533280253410339
0 0.8133172392845154 0.6286122798919678 0.045876652002334595 0.15777644515037537 0.7532221078872681
0 0.05349382758140564 0.7499484419822693 0.08670271188020706 0.04328327998518944 0.7272176742553711
0 0.8958361148834229 0.6198492050170898 0.024519700556993484 0.14713135361671448 0.5203009843826294
0 0.986483633518219 0.11803559958934784 0.027032751590013504 0.15451273322105408 0.48757925629615784
