0 0.3544226288795471 0.044062111526727676 0.05100284889340401 0.08812422305345535 0.8249582648277283
0 0.4586948752403259 0.20361287891864777 0.053673967719078064 0.12278560549020767 0.8246526122093201
0 0.45860525965690613 0.04617646336555481 0.051446836441755295 0.09149782359600067 0.8177021741867065
0 0.19237829744815826 0.19531995058059692 0.05024445801973343 0.12310187518596649 0.8161472678184509
0 0.6249103546142578 0.20742978155612946 0.05030861869454384 0.12374415248632431 0.8115841150283813
0 0.1370093673467636 0.19367671012878418 0.05324112996459007 0.12424302101135254 0.8112819194793701
0 0.19266770780086517 0.040888410061597824 0.05202551558613777 0.08177682012319565 0.8101239800453186
0 0.18864819407463074 0.37414517998695374 0.053218428045511246 0.1318015307188034 0.8098998069763184
0 0.1381838172674179 0.04012410342693329 0.04937528446316719 0.08024820685386658 0.8086490035057068
0 0.5137771368026733 0.04661555960774422 0.052340131253004074 0.09319806843996048 0.8080976605415344
0 0.7119415402412415 0.7401750683784485 0.062251195311546326 0.13334505259990692 0.8077725172042847
0 0.37067919969558716 0.743402361869812 0.06200847029685974 0.13635578751564026 0.8029807209968567
0 0.5148557424545288 0.20474375784397125 0.05204232409596443 0.12269244343042374 0.8026943802833557
0 0.35997113585472107 0.3781163990497589 0.05352950841188431 0.1302024871110916 0.8023133277893066
0 0.5063113570213318 0.7439877986907959 0.06342986971139908 0.13162213563919067 0.8022139072418213
0 0.13104955852031708 0.7443711161613464 0.05482974275946617 0.1357562243938446 0.8019043803215027
0 0.35971662402153015 0.9238494634628296 0.056178413331508636 0.13335108757019043 0.8016412854194641
0 0.4043559730052948 0.20095334947109222 0.051449019461870193 0.12293054908514023 0.8006637692451477
0 0.24698342382907867 0.04198111966252327 0.05062052980065346 0.08396223932504654 0.8002548217773438
0 0.5240015387535095 0.38130179047584534 0.05038857460021973 0.1275729387998581 0.7987777590751648
0 0.8298467993736267 0.2138218879699707 0.04926949739456177 0.12207527458667755 0.7985719442367554
0 0.30053603649139404 0.04296485707163811 0.051231469959020615 0.08592971414327621 0.798468828201294
0 0.47144708037376404 0.37981978058815 0.05261605232954025 0.12882055342197418 0.7984133362770081
0 0.08345258235931396 0.03990068659186363 0.0537363700568676 0.07980137318372726 0.7980564832687378
0 0.25082871317863464 0.5600672960281372 0.052427325397729874 0.13213182985782623 0.7975295782089233
0 0.30409231781959534 0.3770356774330139 0.052161626517772675 0.13123254477977753 0.7969475984573364
0 0.4127647280693054 0.5607582926750183 0.05117950215935707 0.13297675549983978 0.7962121963500977
0 0.30444204807281494 0.5608972311019897 0.048853736370801926 0.13259191811084747 0.7956024408340454
0 0.6230348944664001 0.048995014280080795 0.04892006888985634 0.09674984216690063 0.7954235076904297
0 0.4061438739299774 0.04481993243098259 0.047938622534275055 0.08937793970108032 0.7947585582733154
0 0.5703378915786743 0.20622709393501282 0.052794408053159714 0.12341681122779846 0.7947366237640381
0 0.13313661515712738 0.3732145428657532 0.05181020498275757 0.13240735232830048 0.7931195497512817
0 0.5696506500244141 0.047562867403030396 0.051850322633981705 0.09505581110715866 0.7916239500045776
0 0.44006896018981934 0.7434796690940857 0.06270712614059448 0.13489244878292084 0.7912774085998535
0 0.47726768255233765 0.9223566651344299 0.05244297534227371 0.13378331065177917 0.7903098464012146
0 0.41578951478004456 0.3792625367641449 0.051670923829078674 0.12945634126663208 0.7891933917999268
0 0.6733123660087585 0.05007568374276161 0.046361736953258514 0.09682843089103699 0.7889285683631897
0 0.2461479753255844 0.37547484040260315 0.054867859929800034 0.13100291788578033 0.7882218956947327
0 0.8364083170890808 0.739863932132721 0.054863717406988144 0.1285240203142166 0.7879608273506165
0 0.0801132321357727 0.19234614074230194 0.05336444079875946 0.12664099037647247 0.7879337072372437
0 0.7427191138267517 0.9158739447593689 0.05049438402056694 0.13116222620010376 0.7873559594154358
0 0.6756896376609802 0.20865628123283386 0.046826694160699844 0.12415380030870438 0.7871270775794983
0 0.16670437157154083 0.9248665571212769 0.062355585396289825 0.13624422252178192 0.786444902420044
0 0.19415311515331268 0.560063898563385 0.0538577139377594 0.13284052908420563 0.7862886190414429
0 0.7786550521850586 0.21212759613990784 0.050223737955093384 0.12160523980855942 0.7846878170967102
0 0.4193388521671295 0.9235845804214478 0.05598249286413193 0.13380391895771027 0.7845948338508606
0 0.7235392332077026 0.05031260475516319 0.050660356879234314 0.10032132267951965 0.7815244197845459
0 0.3586231768131256 0.560440182685852 0.05283065885305405 0.13365724682807922 0.7809035181999207
0 0.83121657371521 0.5620154142379761 0.049506835639476776 0.1295120120048523 0.777607262134552
0 0.776704728603363 0.739382266998291 0.05770350620150566 0.13295777142047882 0.7770124673843384
0 0.6466954350471497 0.7406095266342163 0.05962005630135536 0.13277867436408997 0.7764924168586731
0 0.795291543006897 0.9153703451156616 0.04771841689944267 0.13049224019050598 0.7760525941848755
0 0.4675452411174774 0.5627961158752441 0.05178353562951088 0.13005849719047546 0.7751172780990601
0 0.5308972001075745 0.9226202368736267 0.046959709376096725 0.13114818930625916 0.7749093770980835
0 0.726581871509552 0.21017137169837952 0.04787558317184448 0.1241203248500824 0.7743411660194397
0 0.09867962449789047 0.9265939593315125 0.06438892334699631 0.13591769337654114 0.7741603255271912
0 0.7280702590942383 0.5629206895828247 0.04593854397535324 0.12757959961891174 0.7741056084632874
0 0.5225701928138733 0.5615087151527405 0.050261884927749634 0.1297849416732788 0.7725904583930969
0 0.5841116905212402 0.919841468334198 0.0514395572245121 0.13276752829551697 0.7722473740577698
0 0.18862825632095337 0.7443488836288452 0.05423925071954727 0.13499055802822113 0.7720535397529602
0 0.30092653632164 0.9250996708869934 0.054264046251773834 0.13357804715633392 0.7718893885612488
0 0.139157235622406 0.5586602687835693 0.051662541925907135 0.13438189029693604 0.7718052268028259
0 0.831159770488739 0.3853543996810913 0.04762067645788193 0.12585240602493286 0.7717640399932861
0 0.07979787886142731 0.5582939982414246 0.059125855565071106 0.13184568285942078 0.7708513140678406
0 0.6290010809898376 0.3830012381076813 0.04872000589966774 0.1264238804578781 0.7705044150352478
0 0.6759095191955566 0.5615149140357971 0.05017159506678581 0.1298132985830307 0.770499050617218
0 0.24934469163417816 0.1965685933828354 0.05778265744447708 0.1227012425661087 0.7693517804145813
0 0.9455240368843079 0.7381768226623535 0.05291809141635895 0.12823648750782013 0.768531322479248
0 0.5767173767089844 0.38217243552207947 0.04878391698002815 0.12882539629936218 0.7648948431015015
0 0.9239567518234253 0.05320986732840538 0.04643397778272629 0.10592934489250183 0.7648054957389832
0 0.8840882182121277 0.21447408199310303 0.048930663615465164 0.11794653534889221 0.7643103003501892
0 0.6787940859794617 0.3836493492126465 0.04594743996858597 0.12538091838359833 0.7639682292938232
0 0.6906898021697998 0.9181411862373352 0.046502817422151566 0.13467900454998016 0.7628335952758789
0 0.8466781377792358 0.9136624932289124 0.0483367033302784 0.12810786068439484 0.7624461650848389
0 0.23720687627792358 0.9243779182434082 0.06270481646060944 0.13533751666545868 0.7618757486343384
0 0.8249110579490662 0.057995155453681946 0.051197685301303864 0.09239377826452255 0.7615604400634766
0 0.8847708702087402 0.5616986155509949 0.048875994980335236 0.12899281084537506 0.7608393430709839
0 0.07720574736595154 0.3727349042892456 0.05436254292726517 0.13183747231960297 0.7596331238746643
0 0.24709995090961456 0.74409019947052 0.05474770441651344 0.13481563329696655 0.7595568299293518
0 0.5721407532691956 0.743363082408905 0.05985525995492935 0.13222414255142212 0.7574577331542969
0 0.3476850688457489 0.19967889785766602 0.05634564906358719 0.1255384087562561 0.7572944164276123
0 0.30846813321113586 0.7429208159446716 0.057139694690704346 0.13795296847820282 0.757075309753418
0 0.8973003029823303 0.9126909375190735 0.04762791097164154 0.12739847600460052 0.7564914226531982
0 0.7735886573791504 0.05075545236468315 0.04533499479293823 0.1015109047293663 0.7548016905784607
0 0.6244908571243286 0.562001645565033 0.04846514016389847 0.1295948624610901 0.7504841089248657
0 0.7778478860855103 0.5624158978462219 0.047016166150569916 0.1271379142999649 0.7466870546340942
0 0.9354679584503174 0.5612494945526123 0.047388218343257904 0.12776432931423187 0.7464519739151001
0 0.8909527659416199 0.7393074631690979 0.049152832478284836 0.12886279821395874 0.7413043975830078
0 0.7290748953819275 0.3840789496898651 0.04804953560233116 0.12483186274766922 0.739773154258728
0 0.6389979720115662 0.9193506240844727 0.0506216436624527 0.13305357098579407 0.7384536266326904
0 0.07395704090595245 0.745402991771698 0.052210256457328796 0.13340875506401062 0.7355066537857056
0 0.9329604506492615 0.3870898187160492 0.04563598707318306 0.12246904522180557 0.7313496470451355
0 0.8764942288398743 0.055552102625370026 0.044428709894418716 0.09947808086872101 0.7279971837997437
0 0.9787222743034363 0.21689040958881378 0.04184247553348541 0.11921839416027069 0.7274692058563232
0 0.9341090321540833 0.2153874933719635 0.044510845094919205 0.11875028908252716 0.7249330282211304
0 0.5739237666130066 0.5636574625968933 0.0451066792011261 0.13081684708595276 0.7245911955833435
0 0.9733979105949402 0.05360729992389679 0.04824985936284065 0.106931671500206 0.7211238145828247
0 0.8829227089881897 0.386484831571579 0.049185529351234436 0.12516039609909058 0.721089243888855
0 0.9790169596672058 0.3869345784187317 0.04160914942622185 0.12331944704055786 0.7044882774353027
0 0.7814810276031494 0.38466134667396545 0.04711983725428581 0.12709440290927887 0.7014419436454773
0 0.980278491973877 0.562576949596405 0.0394430086016655 0.12622202932834625 0.6968100666999817
0 0.9511118531227112 0.9100181460380554 0.051374249160289764 0.12592928111553192 0.6597002148628235
0 0.9859909415245056 0.7387510538101196 0.028018100187182426 0.1270274966955185 0.36936184763908386
0 0.7726630568504333 0.3856557011604309 0.03631478548049927 0.12841542065143585 0.2505224347114563
