0 0.3770051598548889 0.7958593964576721 0.024738194420933723 0.08653388172388077 0.8175803422927856
0 0.5693193078041077 0.6591914296150208 0.02391744777560234 0.10315252840518951 0.8173872232437134
0 0.44056499004364014 0.3527817726135254 0.03234606981277466 0.12886609137058258 0.8147931694984436
0 0.5957670211791992 0.658748209476471 0.026082387194037437 0.10103101283311844 0.812099814414978
0 0.6795365214347839 0.35517776012420654 0.03196122124791145 0.12256064265966415 0.8115850687026978
0 0.67551189661026 0.6433367729187012 0.02670995518565178 0.10512891411781311 0.8091310858726501
0 0.6232304573059082 0.6580655574798584 0.025455277413129807 0.09920404851436615 0.80788254737854
0 0.5427953600883484 0.6595549583435059 0.026560962200164795 0.10012713819742203 0.8060514330863953
0 0.43059396743774414 0.6626116633415222 0.027999339625239372 0.09328723698854446 0.8023636937141418
0 0.5144780278205872 0.6578708291053772 0.026327626779675484 0.09753772616386414 0.8013623356819153
0 0.5131368041038513 0.3538714349269867 0.03397826850414276 0.12377948313951492 0.8011810183525085
0 0.35090747475624084 0.7953963875770569 0.023953711614012718 0.08611194044351578 0.7982121706008911
0 0.7137334942817688 0.35403040051460266 0.032181691378355026 0.12285483628511429 0.7956879138946533
0 0.45134347677230835 0.8009557127952576 0.02301945723593235 0.08252985030412674 0.7954044342041016
0 0.34974321722984314 0.6637173295021057 0.023605678230524063 0.08904584497213364 0.7950097918510437
0 0.5062302350997925 0.7984221577644348 0.02724260464310646 0.08935181051492691 0.7937183976173401
0 0.48345428705215454 0.6622425317764282 0.026918290182948112 0.09188293665647507 0.792595624923706
0 0.4008307456970215 0.6630014777183533 0.027075478807091713 0.09251087158918381 0.7917730808258057
0 0.5446305871009827 0.5051098465919495 0.031295377761125565 0.10617679357528687 0.7913097143173218
0 0.4572444558143616 0.6601813435554504 0.022858422249555588 0.09354908019304276 0.7905641794204712
0 0.40353724360466003 0.7950668334960938 0.02437647059559822 0.08803851902484894 0.789461076259613
0 0.3010665774345398 0.4998234510421753 0.031129898503422737 0.11698087304830551 0.7891696095466614
0 0.5104641914367676 0.4999558627605438 0.027382899075746536 0.11440277844667435 0.7887954711914062
0 0.5355609059333801 0.7978135347366333 0.02679237350821495 0.09016016125679016 0.7886067032814026
0 0.5482283234596252 0.35428494215011597 0.031636908650398254 0.12208844721317291 0.7855671644210815
0 0.6270515322685242 0.35323330760002136 0.022139323875308037 0.12736423313617706 0.7846672534942627
0 0.48260030150413513 0.5013931393623352 0.02534172311425209 0.11258884519338608 0.7829672694206238
0 0.705537736415863 0.5069474577903748 0.03286173194646835 0.10661966353654861 0.7800022959709167
0 0.4758705198764801 0.3541407585144043 0.033781882375478745 0.12542231380939484 0.7786561846733093
0 0.42753538489341736 0.7960667014122009 0.02154037356376648 0.08578643947839737 0.7773589491844177
0 0.4762374460697174 0.8027029037475586 0.024333933368325233 0.08113604784011841 0.776083767414093
0 0.7046326398849487 0.6352847814559937 0.02766229584813118 0.09785938262939453 0.7756965756416321
0 0.6484441161155701 0.6561862230300903 0.022693585604429245 0.09778674691915512 0.7756554484367371
0 0.36545971035957336 0.353466272354126 0.0223506111651659 0.1264560967683792 0.7749415040016174
0 0.5987902879714966 0.3757261633872986 0.03120448626577854 0.08345108479261398 0.7741247415542603
0 0.8670730590820312 0.18179050087928772 0.038787223398685455 0.13835549354553223 0.773934006690979
0 0.5753844976425171 0.5065709948539734 0.02681906707584858 0.10363876819610596 0.7724732160568237
0 0.38882526755332947 0.35427117347717285 0.021469036117196083 0.12657281756401062 0.7710403800010681
0 0.41152146458625793 0.35458314418792725 0.021138539537787437 0.12509168684482574 0.770664393901825
0 0.3269091546535492 0.792343258857727 0.02126406691968441 0.08175476640462875 0.77008455991745
0 0.32465729117393494 0.6572698950767517 0.022827057167887688 0.09965234994888306 0.7694634795188904
0 0.25291621685028076 0.654561460018158 0.024193204939365387 0.10801239311695099 0.766825258731842
0 0.6115737557411194 0.8014323115348816 0.023077744990587234 0.07667212188243866 0.766783595085144
0 0.27352258563041687 0.5008090734481812 0.02099733054637909 0.11091888695955276 0.7662171125411987
0 0.7777239084243774 0.3555503785610199 0.026278862729668617 0.11957431584596634 0.7661429643630981
0 0.6508276462554932 0.3534817099571228 0.022201184183359146 0.12773679196834564 0.7645211219787598
0 0.37456586956977844 0.6640559434890747 0.022919686511158943 0.08939007669687271 0.7644363641738892
0 0.6044490933418274 0.5062392354011536 0.028154926374554634 0.10573224723339081 0.7605706453323364
0 0.27793875336647034 0.6566728949546814 0.021683871746063232 0.1015617698431015 0.7594115734100342
0 0.22763241827487946 0.4993512034416199 0.02341197431087494 0.10799908638000488 0.7593352198600769
0 0.9042742848396301 0.18053081631660461 0.03239909186959267 0.13125117123126984 0.7576560378074646
0 0.6384205222129822 0.5079981088638306 0.03106570430099964 0.1146104484796524 0.7544425129890442
0 0.6703939437866211 0.5097164511680603 0.029697977006435394 0.1072038933634758 0.7521946430206299
0 0.738513708114624 0.5077165961265564 0.02945191226899624 0.10283344238996506 0.7511536478996277
0 0.7474154829978943 0.35424545407295227 0.031016070395708084 0.12122373282909393 0.7510399222373962
0 0.987956166267395 0.6537995338439941 0.024087779223918915 0.11004260927438736 0.7481668591499329
0 0.8497509360313416 0.5028011202812195 0.032734256237745285 0.11492172628641129 0.7481349110603333
0 0.07060643285512924 0.7870216369628906 0.021440429612994194 0.10255865752696991 0.7468230128288269
0 0.09774760901927948 0.6506034135818481 0.032654330134391785 0.10900818556547165 0.7468161582946777
0 0.664381742477417 0.7973958253860474 0.02316785603761673 0.08246728777885437 0.7451315522193909
0 0.3007190227508545 0.6565710306167603 0.02212906815111637 0.10140454769134521 0.7435073256492615
0 0.7976958751678467 0.5100094079971313 0.029805393889546394 0.09875082969665527 0.743330717086792
0 0.33854785561561584 0.3528442978858948 0.02811497636139393 0.12699396908283234 0.7431821823120117
0 0.8128104209899902 0.3544843792915344 0.035280242562294006 0.12458231300115585 0.7422201633453369
0 0.9041709899902344 0.658833384513855 0.03495863080024719 0.10681866854429245 0.7398683428764343
0 0.8244596123695374 0.18278507888317108 0.03889903798699379 0.13704560697078705 0.7394446730613708
0 0.9210237264633179 0.5035462379455566 0.0370691753923893 0.11485965549945831 0.7378973364830017
0 0.5630371570587158 0.7970608472824097 0.023849453777074814 0.08846081793308258 0.736862301826477
0 0.11760392040014267 0.7893586158752441 0.023168668150901794 0.0939626544713974 0.7366781830787659
0 0.14311428368091583 0.7902613878250122 0.02455049939453602 0.09169049561023712 0.7356572151184082
0 0.591509222984314 0.1910589039325714 0.0210755355656147 0.11692662537097931 0.7352455854415894
0 0.3306965231895447 0.49943429231643677 0.023056935518980026 0.11491651087999344 0.7332072257995605
0 0.6901223659515381 0.7999385595321655 0.02473517321050167 0.07632751762866974 0.7331184148788452
0 0.885409951210022 0.5033301711082458 0.030053380876779556 0.1164088174700737 0.7299993634223938
0 0.7383316159248352 0.6455897688865662 0.027012521401047707 0.1063174456357956 0.7287034392356873
0 0.2516864240169525 0.5010079145431519 0.020793482661247253 0.11223380267620087 0.7277499437332153
0 0.25493839383125305 0.7901899814605713 0.02732362598180771 0.08706830441951752 0.7259964942932129
0 0.7680754065513611 0.5091009736061096 0.026093514636158943 0.10046817362308502 0.7234705090522766
0 0.9558284878730774 0.3539854884147644 0.026951074600219727 0.12262137234210968 0.7225707173347473
0 0.8128424882888794 0.658513069152832 0.0315636470913887 0.10148047655820847 0.7225508093833923
0 0.657529890537262 0.20294177532196045 0.017315898090600967 0.09191956371068954 0.72225022315979
0 0.2281276136636734 0.7886250615119934 0.02383090928196907 0.08813617378473282 0.7217599153518677
0 0.9378643035888672 0.6580119729042053 0.028795132413506508 0.10706818103790283 0.7213425636291504
0 0.43781372904777527 0.19875821471214294 0.03596362844109535 0.10203416645526886 0.7210591435432434
0 0.5873957276344299 0.8015134930610657 0.02238355576992035 0.08063434064388275 0.7210575342178345
0 0.946465790271759 0.1778242588043213 0.041716452687978745 0.1405009776353836 0.7200889587402344
0 0.9847362637519836 0.3534162640571594 0.027899980545043945 0.12360822409391403 0.7183064818382263
0 0.6392166614532471 0.797391414642334 0.023991120979189873 0.0814104676246643 0.7162389755249023
0 0.20602795481681824 0.35199105739593506 0.01680474542081356 0.1235022321343422 0.7157498598098755
0 0.7965545058250427 0.7959599494934082 0.024478623643517494 0.09709399938583374 0.7082476019859314
0 0.9585508704185486 0.5027859807014465 0.03198086470365524 0.11552472412586212 0.7070116400718689
0 0.25303858518600464 0.35159358382225037 0.028364749625325203 0.12657931447029114 0.7067299485206604
0 0.8858363032341003 0.3565883934497833 0.020081985741853714 0.1260863095521927 0.7062578201293945
0 0.6145676970481873 0.1912515014410019 0.022483648732304573 0.1168140321969986 0.7056556940078735
0 0.9882479310035706 0.5022289752960205 0.023504167795181274 0.11434058099985123 0.7045884728431702
0 0.35727065801620483 0.5003147721290588 0.028213122859597206 0.11555170267820358 0.7037944793701172
0 0.1691124588251114 0.7908274531364441 0.0239738579839468 0.08945489674806595 0.703689694404602
0 0.8635550737380981 0.35599032044410706 0.020140869542956352 0.12235501408576965 0.70353102684021
0 0.9285168051719666 0.35496678948402405 0.023992357775568962 0.12279602885246277 0.702675998210907
0 0.866538941860199 0.6582860350608826 0.02258044295012951 0.09782269597053528 0.7002502679824829
0 0.9493646621704102 0.785245418548584 0.028246868401765823 0.09768194705247879 0.6998435258865356
0 0.8424016237258911 0.3558051288127899 0.020204422995448112 0.1228504404425621 0.699352502822876
0 0.2267342060804367 0.3512401878833771 0.02147066220641136 0.12508508563041687 0.6990307569503784
0 0.875238299369812 0.7874664068222046 0.028607219457626343 0.10159094631671906 0.6976417899131775
0 0.09404891729354858 0.7886294722557068 0.02146952785551548 0.09571509063243866 0.6975749135017395
0 0.9636699557304382 0.6552374362945557 0.021796373650431633 0.10731928050518036 0.6915597915649414
0 0.7686550617218018 0.6415312886238098 0.030028656125068665 0.10794678330421448 0.6902289390563965
0 0.906234622001648 0.3554905354976654 0.019269801676273346 0.12269721180200577 0.6882606744766235
0 0.16572508215904236 0.6517582535743713 0.020003333687782288 0.10527441650629044 0.6874672770500183
0 0.6381895542144775 0.20220667123794556 0.019811060279607773 0.09249083697795868 0.6859833598136902
0 0.8420551419258118 0.6587961912155151 0.024293458089232445 0.10015057772397995 0.6812338829040527
0 0.42390066385269165 0.5062551498413086 0.028746917843818665 0.1067870557308197 0.6715222001075745
0 0.3944348096847534 0.5045661926269531 0.02829403057694435 0.10395801067352295 0.6684665679931641
0 0.9773515462875366 0.7855603694915771 0.02422386035323143 0.09611102938652039 0.6677536964416504
0 0.04813658073544502 0.7878993153572083 0.01998874545097351 0.10349896550178528 0.6661403179168701
0 0.18474139273166656 0.652398943901062 0.015752645209431648 0.10551013797521591 0.6630398631095886
0 0.05391111224889755 0.35016101598739624 0.01837489940226078 0.12056772410869598 0.6611859798431396
0 0.7184730768203735 0.7922968864440918 0.027369894087314606 0.09137176722288132 0.6559053063392639
0 0.45787760615348816 0.4960002601146698 0.022702286019921303 0.10660120099782944 0.654695451259613
0 0.2321598380804062 0.6539052724838257 0.015232003293931484 0.10787573456764221 0.6530867218971252
0 0.19556431472301483 0.7887991070747375 0.02679196186363697 0.09002649039030075 0.6523209810256958
0 0.033223409205675125 0.3506348729133606 0.019346704706549644 0.11918830126523972 0.6514021158218384
0 0.21709266304969788 0.6533409953117371 0.014566637575626373 0.10766424983739853 0.6499131917953491
0 0.03535161539912224 0.6454399824142456 0.020806128159165382 0.10915729403495789 0.6498535871505737
0 0.5500203371047974 0.2030169516801834 0.019924568012356758 0.09351851046085358 0.6434229612350464
0 0.2874692380428314 0.35265374183654785 0.03420059010386467 0.12468744814395905 0.6432987451553345
0 0.5701751112937927 0.20105576515197754 0.020021088421344757 0.09770995378494263 0.6428580284118652
0 0.05602855607867241 0.18251566588878632 0.03177221491932869 0.13326558470726013 0.6417226195335388
0 0.07406304031610489 0.35119926929473877 0.01918601617217064 0.11947772651910782 0.639761209487915
0 0.985047459602356 0.17842398583889008 0.02990511991083622 0.13360299170017242 0.6305010318756104
0 0.05503268167376518 0.5057092905044556 0.03690594434738159 0.10397189855575562 0.6270815134048462
0 0.14282725751399994 0.653063952922821 0.02193608321249485 0.10217529535293579 0.6259672045707703
0 0.1879839152097702 0.3532227873802185 0.01799510419368744 0.12106702476739883 0.6229159832000732
0 0.02122223749756813 0.1816880851984024 0.03419528529047966 0.13244198262691498 0.6214910745620728
0 0.4703373312950134 0.19855034351348877 0.027019206434488297 0.10404861718416214 0.6185689568519592
0 0.6769224405288696 0.20546498894691467 0.01910194382071495 0.08824063837528229 0.6183837652206421
0 0.010866519995033741 0.3503830134868622 0.02160867676138878 0.11897952854633331 0.6168851256370544
0 0.062386464327573776 0.6491177082061768 0.03010140173137188 0.10773175209760666 0.616137683391571
0 0.7887908816337585 0.19888120889663696 0.028429288417100906 0.10300955921411514 0.6067336797714233
0 0.8200123906135559 0.7895283699035645 0.021001221612095833 0.08932226896286011 0.6048163771629333
0 0.013301036320626736 0.6437445878982544 0.02111661806702614 0.11177002638578415 0.5995305776596069
0 0.08880957216024399 0.18546804785728455 0.029442526400089264 0.12703238427639008 0.5962678790092468
0 0.2021055817604065 0.653114914894104 0.014858259819447994 0.10666248202323914 0.5849830508232117
0 0.8460846543312073 0.7885229587554932 0.02650812268257141 0.10417596995830536 0.5733770132064819
0 0.7710483074188232 0.7937194108963013 0.024288512766361237 0.09090625494718552 0.5666927099227905
0 0.38252171874046326 0.2274659276008606 0.022606633603572845 0.04327046498656273 0.563569962978363
0 0.16435593366622925 0.5036103129386902 0.09832469373941422 0.10579047352075577 0.5633174777030945
0 0.027269452810287476 0.7884759902954102 0.018838956952095032 0.10163910686969757 0.5568922758102417
0 0.5741480588912964 0.3543075621128082 0.017449919134378433 0.1206333339214325 0.541104793548584
0 0.018710598349571228 0.5040019750595093 0.03131275996565819 0.10596298426389694 0.5395883917808533
0 0.7454826235771179 0.7914044857025146 0.02473009005188942 0.08763556182384491 0.5379447937011719
0 0.3410101532936096 0.22460618615150452 0.05301828309893608 0.04945288226008415 0.5341552495956421
0 0.1453648805618286 0.3536246418952942 0.02173849754035473 0.11823636293411255 0.524754524230957
0 0.912335216999054 0.7862693071365356 0.03933896869421005 0.10006256401538849 0.5208152532577515
0 0.30528607964515686 0.7873667478561401 0.01970517449080944 0.08432257175445557 0.5161479711532593
0 0.007883409038186073 0.7866291999816895 0.015766818076372147 0.10327161103487015 0.5059687495231628
0 0.12371906638145447 0.6525277495384216 0.016726860776543617 0.10042523592710495 0.48379218578338623
0 0.16780200600624084 0.35370030999183655 0.02143080346286297 0.12067505717277527 0.4400169551372528
0 0.11572837829589844 0.35229599475860596 0.030759280547499657 0.11663458496332169 0.4256495237350464
0 0.9952186346054077 0.788374662399292 0.009562693536281586 0.10219800472259521 0.4100210666656494
0 0.9033743739128113 0.786591112613678 0.02479107864201069 0.09953131526708603 0.4093967378139496
0 0.46994662284851074 0.21633854508399963 0.025654729455709457 0.06794511526823044 0.40111804008483887
0 0.7454596161842346 0.7775443196296692 0.024789338931441307 0.06016339361667633 0.4005274772644043
0 0.5217047333717346 0.20212052762508392 0.023226555436849594 0.09677669405937195 0.39584213495254517
0 0.7711144089698792 0.7770888805389404 0.02425060048699379 0.057875856757164 0.3925934135913849
0 0.2866595983505249 0.7782731056213379 0.01642303541302681 0.08044739067554474 0.38963407278060913
0 0.9211724400520325 0.7862880825996399 0.02322843298316002 0.09847107529640198 0.37925824522972107
0 0.7266445755958557 0.20818738639354706 0.04832464084029198 0.08636265993118286 0.3786913752555847
0 0.10932321101427078 0.3514446020126343 0.04005757346749306 0.11831845343112946 0.3721880614757538
0 0.4062349796295166 0.2308657318353653 0.022736534476280212 0.037436358630657196 0.3612278699874878
0 0.7267608642578125 0.19011998176574707 0.04966411739587784 0.0520133376121521 0.3547658920288086
0 0.09382505714893341 0.35143086314201355 0.017745021730661392 0.11864523589611053 0.3539385199546814
0 0.12909150123596191 0.20228148996829987 0.044623855501413345 0.08674676716327667 0.3477601110935211
0 0.026373686268925667 0.18387216329574585 0.026814740151166916 0.1336352378129959 0.31666040420532227
0 0.7261872887611389 0.23128706216812134 0.045762814581394196 0.039096392691135406 0.302015095949173
0 0.9807540774345398 0.3575921654701233 0.023509753867983818 0.11518402397632599 0.28487083315849304
0 0.24831722676753998 0.35141798853874207 0.023156363517045975 0.12671402096748352 0.28205636143684387
0 0.4037618041038513 0.20183034241199493 0.02547679841518402 0.08359921723604202 0.28146058320999146
0 0.5094607472419739 0.1997717320919037 0.04893764853477478 0.10016133636236191 0.27356988191604614
0 0.015064239501953125 0.18309028446674347 0.029806293547153473 0.13398054242134094 0.2648668587207794
0 0.005406531039625406 0.18456067144870758 0.010813062079250813 0.12804794311523438 0.2535232603549957
0 0.41688913106918335 0.505044162273407 0.04252726584672928 0.1062338575720787 0.251338392496109
