0 0.27941015362739563 0.6832746863365173 0.10327012836933136 0.15337954461574554 0.8037463426589966
0 0.5060433745384216 0.11065291613340378 0.08496346324682236 0.15694911777973175 0.7963433265686035
0 0.5995911359786987 0.10853909701108932 0.09003696590662003 0.1596437692642212 0.7896580100059509
0 0.32120221853256226 0.11110067367553711 0.08719377219676971 0.15821237862110138 0.7880792021751404
0 0.4145910143852234 0.109632208943367 0.08574691414833069 0.15963990986347198 0.7852581143379211
0 0.45776233077049255 0.33778730034828186 0.08415348827838898 0.14317122101783752 0.7846769094467163
0 0.2290746420621872 0.10983850061893463 0.08585124462842941 0.1544933319091797 0.7810208201408386
0 0.6563293933868408 0.33676406741142273 0.10595469921827316 0.14664487540721893 0.7647473812103271
0 0.6200785040855408 0.6856343150138855 0.10059283673763275 0.1536475270986557 0.7601305842399597
0 0.39176633954048157 0.687236487865448 0.10272406786680222 0.15464363992214203 0.7582753896713257
0 0.6982945203781128 0.10653847455978394 0.09333121031522751 0.16214732825756073 0.755427896976471
0 0.45865675806999207 0.5284407734870911 0.06767594069242477 0.12730999290943146 0.7488211989402771
0 0.5491101145744324 0.3380185663700104 0.08836967498064041 0.1430879682302475 0.7479386329650879
0 0.5327005386352539 0.5316514372825623 0.07025360316038132 0.13062572479248047 0.7475572824478149
0 0.48810574412345886 0.8620773553848267 0.10138794779777527 0.1478104144334793 0.7470855116844177
0 0.3737752139568329 0.33608976006507874 0.07303585112094879 0.14184008538722992 0.7440906167030334
0 0.504212498664856 0.6811370849609375 0.10405794531106949 0.14131174981594086 0.7415578961372375
0 0.3839305639266968 0.5276092886924744 0.0688004195690155 0.1289215087890625 0.7414547204971313
0 0.600960910320282 0.8611313104629517 0.11028838902711868 0.14741893112659454 0.7405160069465637
0 0.6851550936698914 0.5346497893333435 0.06772006303071976 0.13190050423145294 0.7366890907287598
0 0.6101598143577576 0.5309675335884094 0.07148869335651398 0.1265850067138672 0.7340878844261169
0 0.05054958164691925 0.4272770583629608 0.07346648722887039 0.12457837909460068 0.7336710095405579
0 0.7276632785797119 0.6865652799606323 0.0981002151966095 0.1473105400800705 0.730411171913147
0 0.37620487809181213 0.862214982509613 0.10459652543067932 0.1441722959280014 0.7297310829162598
0 0.31359314918518066 0.5278226733207703 0.06374490261077881 0.12858180701732635 0.7209766507148743
0 0.7657362222671509 0.3324040472507477 0.09470070898532867 0.15433207154273987 0.7205331325531006
0 0.03237282857298851 0.2808187007904053 0.05797111615538597 0.12910710275173187 0.7143845558166504
0 0.3008771240711212 0.33616286516189575 0.06810794770717621 0.14345788955688477 0.6954657435417175
0 0.7121084332466125 0.8620976805686951 0.0984605923295021 0.1481737196445465 0.6952396631240845
0 0.10148809105157852 0.2801739275455475 0.07151638716459274 0.1312682181596756 0.6934003829956055
0 0.2264626920223236 0.33620527386665344 0.06841428577899933 0.13993458449840546 0.6882014274597168
0 0.1222948431968689 0.4283936619758606 0.059109438210725784 0.1227588877081871 0.6797905564308167
0 0.7571183443069458 0.5339312553405762 0.06672970205545425 0.12473688274621964 0.6545376181602478
0 0.24503491818904877 0.5313966870307922 0.06272757053375244 0.1345178633928299 0.6508444547653198
0 0.7967466115951538 0.13686206936836243 0.07811178267002106 0.10605473816394806 0.5568462610244751
0 0.27114036679267883 0.8608759045600891 0.08966696262359619 0.14070454239845276 0.47112876176834106
0 0.03098190948367119 0.5885747075080872 0.058947741985321045 0.10067205876111984 0.3613022565841675
0 0.9136514067649841 0.4912465512752533 0.09406100958585739 0.1418781280517578 0.27171778678894043
