0 0.47842714190483093 0.3061274588108063 0.06582222878932953 0.2815151810646057 0.8286729454994202
0 0.40794897079467773 0.3038095533847809 0.066021628677845 0.28392255306243896 0.8132355213165283
0 0.26170751452445984 0.30286791920661926 0.061400171369314194 0.2862960994243622 0.8053507804870605
0 0.33478036522865295 0.3019328713417053 0.06953886896371841 0.28390929102897644 0.8017092943191528
0 0.5500199794769287 0.30688703060150146 0.06519833207130432 0.28327569365501404 0.7912648916244507
0 0.8656852841377258 0.3343856930732727 0.06232738122344017 0.23566095530986786 0.7772139310836792
0 0.798369824886322 0.33321860432624817 0.06462197005748749 0.23514686524868011 0.7640655040740967
0 0.6668856143951416 0.3154783248901367 0.05938968062400818 0.2664526402950287 0.7336879968643188
0 0.6097678542137146 0.3204284906387329 0.04538122937083244 0.26221150159835815 0.7335715293884277
0 0.0406295545399189 0.2942293882369995 0.06932112574577332 0.28541308641433716 0.72315514087677
0 0.9341880679130554 0.3355790674686432 0.06347296386957169 0.23195096850395203 0.6963014602661133
0 0.03938080370426178 0.7586129307746887 0.0707903578877449 0.28158050775527954 0.6856105923652649
0 0.20415820181369781 0.29970163106918335 0.044650498777627945 0.2852957546710968 0.6656246781349182
0 0.1479882448911667 0.7585142254829407 0.06838563829660416 0.2818564772605896 0.6433021426200867
0 0.5579782724380493 0.02055053599178791 0.08042241632938385 0.04110107198357582 0.6379568576812744
0 0.9396476745605469 0.024505071341991425 0.08213764429092407 0.04901014268398285 0.6370402574539185
0 0.4728488326072693 0.01906958967447281 0.07948877662420273 0.03813917934894562 0.6100097894668579
0 0.4386729598045349 0.764570415019989 0.06636056303977966 0.2870626449584961 0.605349600315094
0 0.71314537525177 0.797254741191864 0.05739466845989227 0.1789749711751938 0.5723629593849182
0 0.3626894950866699 0.821596086025238 0.06957916170358658 0.16518354415893555 0.5651825070381165
0 0.6451219916343689 0.021279197186231613 0.08871212601661682 0.04255621135234833 0.5625482797622681
0 0.38790276646614075 0.017945080995559692 0.08023618906736374 0.035890161991119385 0.5433213114738464
0 0.11959008127450943 0.29651573300361633 0.06718118488788605 0.28505104780197144 0.5425411462783813
0 0.30217909812927246 0.01616775617003441 0.07935639470815659 0.03231992945075035 0.5342371463775635
0 0.5927277207374573 0.8193338513374329 0.06452541053295135 0.16007043421268463 0.5263002514839172
0 0.7486659288406372 0.023017683997750282 0.1042674258351326 0.046035367995500565 0.5208980441093445
0 0.8563233613967896 0.023998217657208443 0.07300258427858353 0.047996435314416885 0.5090453624725342
0 0.6543858051300049 0.805966317653656 0.04893988370895386 0.16211000084877014 0.49045369029045105
0 0.8017539381980896 0.7960240840911865 0.0684644803404808 0.20242883265018463 0.4661705791950226
0 0.5128573179244995 0.8060051798820496 0.06748037040233612 0.19272416830062866 0.45866796374320984
0 0.21660736203193665 0.014325824566185474 0.08020128309726715 0.02865164913237095 0.4498489201068878
0 0.36636480689048767 0.6785732507705688 0.06433019787073135 0.11396950483322144 0.44732895493507385
0 0.5121382474899292 0.7618800401687622 0.06755857914686203 0.2847600281238556 0.43225929141044617
0 0.2093523144721985 0.759937047958374 0.04661440849304199 0.27840766310691833 0.4238501489162445
0 0.7330515384674072 0.023510068655014038 0.07531531900167465 0.047020137310028076 0.39995285868644714
0 0.9867064952850342 0.38887399435043335 0.02658693678677082 0.13126571476459503 0.39412352442741394
0 0.3643060624599457 0.7637501955032349 0.07297220826148987 0.28671491146087646 0.39167505502700806
0 0.1348533034324646 0.3003034293651581 0.052165087312459946 0.29048195481300354 0.3855699598789215
0 0.26576825976371765 0.7614195942878723 0.06456317752599716 0.28528350591659546 0.3663082420825958
0 0.12933698296546936 0.01387795340269804 0.08304837346076965 0.027721500024199486 0.3536498546600342
0 0.7380748987197876 0.3473970890045166 0.04608248546719551 0.2035231739282608 0.35360419750213623
0 0.26526933908462524 0.8162315487861633 0.06355255842208862 0.17739127576351166 0.34505128860473633
0 0.6591514945030212 0.021853340789675713 0.06381478905677795 0.04353078082203865 0.34407347440719604
0 0.6201631426811218 0.9792632460594177 0.057942215353250504 0.041473388671875 0.3438553512096405
0 0.20836061239242554 0.799785315990448 0.046369560062885284 0.19609832763671875 0.3304835259914398
0 0.4383496046066284 0.8196983337402344 0.06800786405801773 0.16721658408641815 0.32012680172920227
0 0.0520685575902462 0.012941195629537106 0.0572633258998394 0.02588239125907421 0.31704142689704895
0 0.4370081126689911 0.6815105080604553 0.0618896484375 0.1232813373208046 0.31628140807151794
0 0.041871532797813416 0.9847858548164368 0.07208786904811859 0.03042822703719139 0.3049220144748688
0 0.16951477527618408 0.299615740776062 0.03160237893462181 0.28426989912986755 0.30064675211906433
0 0.09655599296092987 0.7565281987190247 0.038294751197099686 0.2793084383010864 0.2945100963115692
0 0.5927448868751526 0.7751886248588562 0.06613259017467499 0.25219324231147766 0.2756357192993164
0 0.15485455095767975 0.6750357747077942 0.06246889382600784 0.11044181138277054 0.2661104202270508
